0   0.366077   0.356704   0.379278
1   0.893925   0.703874   1.14118
2   1.19772   1.13309   1.25988
3   0.962698   0.84596   1.0989
4   1.12098   1.01965   1.25006
5   1.16486   1.04908   1.28085
6   0.7956   0.72572   0.920142
7   0.495826   0.347758   0.767695
8   0.742181   0.500584   1.09257
9   0.878856   0.603052   1.3374
10   0.964233   0.632201   1.48624
11   1.0725   0.732849   1.52827
12   1.12533   0.827777   1.49779
13   1.17603   0.912506   1.50093
14   1.20208   0.959918   1.49729
15   1.20764   0.988484   1.44371
16   1.20018   1.02442   1.36783
17   1.18268   1.05282   1.29894
18   1.144   1.05104   1.22733
19   1.09663   1.02729   1.16569
20   1.0656   1.00559   1.12543
21   1.05117   0.997989   1.09059
22   1.0516   1.01493   1.06406
23   1.05063   1.03752   1.03995
24   1.04986   1.05812   1.01924
25   1.05817   1.0855   1.00603
26   1.07216   1.12067   0.996975
27   1.08303   1.15508   0.984884
28   1.09569   1.1925   0.972845
29   1.10787   1.23145   0.956557
30   1.09462   1.24627   0.914677
31   1.08262   1.26785   0.872238
32   1.04125   1.25902   0.807112
33   0.985752   1.23373   0.734267
34   0.910808   1.18149   0.65103
35   0.820923   1.10478   0.561398
36   0.716788   1.00239   0.466396
37   0.610014   0.889402   0.374558
38   0.503117   0.76907   0.288558
39   0.404842   0.653862   0.214518
40   0.309194   0.532498   0.149749
41   0.22792   0.422591   0.0998956
42   0.16369   0.329801   0.0643479
43   0.11318   0.249936   0.0395893
44   0.0773004   0.188554   0.0238912
45   0.0509219   0.138153   0.0138223
46   0.0318936   0.0968361   0.00756684
47   0.0200935   0.0686432   0.00415599
48   0.0122631   0.0473417   0.00221555
49   0.00742646   0.0324882   0.00118683
50   0.00438028   0.0217051   0.000642772
51   0.00260776   0.0145288   0.000384095
52   0.00156599   0.00958436   0.000272856
53   0.000971359   0.00616763   0.000243368
54   0.000729205   0.00427746   0.000289656
55   0.000672709   0.00307055   0.000395792
56   0.000730458   0.00224154   0.000543964
57   0.000948792   0.00192253   0.000782809
58   0.00135533   0.00202293   0.00115137
59   0.00189419   0.00239738   0.00160404
60   0.00308244   0.00365154   0.00256812
61   0.00409665   0.00477848   0.0033401
62   0.00487449   0.0057248   0.00387996
63   0.00525606   0.00627349   0.00407903
64   0.00578499   0.00704535   0.00437326
65   0.00551469   0.00686592   0.00405792
66   0.00500046   0.00637147   0.00357907
67   0.00440983   0.00575494   0.00306807
68   0.00401225   0.00536636   0.00271159
69   0.00354755   0.00486586   0.0023274
70   0.00310751   0.00437359   0.00197776
71   0.00270211   0.0039046   0.00166723
72   0.00233692   0.00346906   0.00139694
73   0.00202529   0.00309033   0.00117213
74   0.00172328   0.00270442   0.000964964
